========================================================================================================================
                                                 EMPRESA DE SALUD S. A.
                                            REGISTRO DE INGRESOS POR MEDICO
========================================================================================================================
No.  Codigo del  Tarifa  Ingresos por  Ingresos por    Total    Pacientes atendidos  Pacientes atendidos  Total de
       Medico              las citas   medicamentos  ingresado     con medicinas        sin medicinas     pacientes
------------------------------------------------------------------------------------------------------------------------
001    50611     337.03     1926.41       7345.34      9271.75            6                  1                7
002    15092     756.45     9824.78      14292.69     24117.47            8                  2               10
003    60184     738.90     1112.93       1871.77      2984.69            1                  2                3
004    90798     758.51     2181.59       3783.60      5965.19            2                  1                3
005    80786     997.38     4058.34       5729.01      9787.36            6                  1                7
006    70233     902.38     9527.82      17745.76     27273.58           11                  0               11
007    89213     389.91     3928.65      10525.97     14454.62            7                  3               10
008    90907     470.72      845.35       7828.19      8673.54            7                  0                7
009    60934     526.45     1141.37       8571.76      9713.13            4                  1                5
010    14787     298.45     2724.80       8478.70     11203.50            6                  4               10
011    60049     780.49     6666.11      13628.48     20294.59            8                  0                8
012    70269     523.53     1454.14       2585.46      4039.61            3                  0                3
013    53556     410.37     2172.95      11290.15     13463.10            7                  2                9
014    70612     842.24     3789.35      11640.23     15429.58            4                  1                5
015    64405     232.61     2024.46       8472.87     10497.33            7                  2                9
016    90929     405.69     4146.56       5000.99      9147.54            5                  3                8
017    70367     781.15     4658.84      17264.40     21923.24            9                  1               10
018    18708     176.60      431.23       3066.81      3498.04            3                  0                3
019    80138     319.80     1450.66       9744.49     11195.14            6                  0                6
020    35451     897.50     2561.38       8907.72     11469.10            5                  0                5
021    70992     525.59     5278.54      14780.58     20059.13            9                  2               11
022    49768     197.06      562.34       3887.31      4449.65            3                  1                4
023    33687     654.46     8438.32      13936.72     22375.04            9                  1               10
024    70789      19.29      170.48      11465.01     11635.49            6                  2                8
025    18262     981.29     6353.71       5437.77     11791.47            5                  0                5
026    14655     940.91     9103.82       8920.15     18023.97            6                  1                7
027    80227     170.85        0.00          0.00         0.00            0                  0                0
028    34115     893.34     4178.88       2442.15      6621.03            4                  1                5
029    80040       4.56       54.17      14578.76     14632.92            8                  3               11
030    25448     496.87     2801.92      10222.89     13024.81            7                  0                7
031    40414      55.48      434.75       6395.33      6830.08            7                  1                8
032    90562     869.33     2420.45       1291.24      3711.69            3                  2                5
033    91509     146.35      868.45       9829.73     10698.17            7                  2                9
034    30557     169.44      826.89       8216.70      9043.59            7                  3               10
035    20189     854.93     2415.52       2350.69      4766.22            4                  0                4
036    30082     184.46      889.47      14159.23     15048.70            5                  0                5
037    50718     264.21     1581.60       8363.55      9945.15            7                  2                9
038    52063     792.07     3171.33       2513.22      5684.55            1                  3                4
039    80063     256.05     2116.20      17801.95     19918.15           10                  3               13
040    19777     977.98     8249.44       6524.82     14774.26            3                  4                7
------------------------------------------------------------------------------------------------------------------------
Totales:                  126544.00     340892.17    467436.18          226                 55              281
========================================================================================================================

========================================================================================================================
                                                 EMPRESA DE SALUD S. A.
                                          REGISTRO DE INGRESOS POR MEDICAMENTO
========================================================================================================================
No.  Codigo del   Precio  Cantidad de unidades  Ingresos sin  Descuentos por    Total
     Medicamento                vendidas         descuentos    los seguros    ingresado
------------------------------------------------------------------------------------------------------------------------
001    60509       58.65           52              2673.67         670.52      2003.15
002    73972       54.40           79              4641.69         280.41      4361.28
003    94429       52.70           20              2149.13         603.31      1545.82
004    43709       78.20           40                 0.00           0.00         0.00
005    82469       60.35           52                 0.00           0.00         0.00
006    93578       55.25           33                 0.00           0.00         0.00
007    26484       29.75           26              7057.24        1326.69      5730.56
008    95196       62.05           23              5723.61         898.84      4824.77
009    65667       61.20           97              3641.72         882.87      2758.85
010    94415       68.85           37                 0.00           0.00         0.00
011    11370        2.55           26              2576.22         108.52      2467.70
012    49644       73.95           65             18636.03        3692.83     14943.20
013    76238       56.95           20                 0.00           0.00         0.00
014    76596        9.35           61              5067.35         377.49      4689.86
015    48244       25.50           46              6804.65        2555.24      4249.42
016    34070       73.10           91              1375.08         536.37       838.71
017    70226       39.95           43              5916.42         701.42      5214.99
018    30220       39.95           59               552.98         280.26       272.73
019    88681       53.55           82              4775.45        1541.50      3233.95
020    40645        4.25           47              3153.66         758.13      2395.53
021    77358       61.20           41                 0.00           0.00         0.00
022    41995       25.50           50               870.76         541.69       329.07
023    90198       44.20           19               823.38         186.75       636.64
024    77466        5.95           47              3522.02        1337.65      2184.37
025    61508        4.25           87              2614.66         450.12      2164.54
026    22842       47.60           51              3145.96         591.72      2554.25
027    53166        5.95           53              5061.90        1269.72      3792.18
028    54692       28.90           27              1417.74         241.53      1176.20
029    85865        8.50           37              1373.77         945.26       428.52
030    16055       45.90           47              2561.42          56.83      2504.59
031    22553       39.10           55              4297.96        1751.48      2546.48
032    31311       65.45           30                 0.00           0.00         0.00
033    43633       39.10           32              4981.87        2340.43      2641.45
034    31389       52.70           87             13468.67        1518.38     11950.29
035    79996       31.45           32              3345.20        2495.45       849.75
036    48039       11.90           56              6510.59        2221.40      4289.19
037    16299       49.30           86                 0.00           0.00         0.00
038    26506       28.05           41              2462.37           0.00      2462.37
039    89325       79.05           67             11507.59        3461.60      8045.99
040    55701       46.75           36              3601.28         542.89      3058.39
041    16681       22.10          103             11169.70        2991.22      8178.48
042    27016       51.00           77              3647.37         541.39      3105.98
043    85325       56.10           92              1052.38         698.67       353.71
044    30428       19.55           33              5764.83        2193.37      3571.46
045    15098       81.60           36              1407.41         358.29      1049.12
046    42861       23.80           46              1941.67         419.33      1522.34
047    13364       13.60           54                 0.00           0.00         0.00
048    86451       21.25           11               798.19         133.80       664.39
049    32486       24.65           71              5360.29        1343.66      4016.63
050    77203       80.75            0                 0.00           0.00         0.00
051    30007        0.85           25              1008.05         790.42       217.63
052    65536        1.70           17              1046.69           5.67      1041.02
053    84771       39.10           25              2126.72         339.12      1787.60
054    81695       15.30           42              8640.28        3085.36      5554.92
055    49756       52.70           36               522.91         232.47       290.44
056    58200       56.10           15                 0.00           0.00         0.00
057    89839       73.95            0                 0.00           0.00         0.00
058    53084        0.85           97              7226.15        1278.30      5947.85
059    61039       78.20           14                 0.00           0.00         0.00
060    36822        9.35            0                 0.00           0.00         0.00
061    24522       43.35           73              5873.68        3409.85      2463.83
062    37007       47.60           70              5984.83        1262.67      4722.16
063    17845        5.10           38               943.93         303.61       640.31
064    19397       37.40           21                 0.00           0.00         0.00
065    45814       35.70           94              4149.33        2120.03      2029.30
066    49157       66.30           23                 0.00           0.00         0.00
067    72939       76.50           40              6525.16        3565.03      2960.13
068    26920       45.05           51                 0.00           0.00         0.00
069    31883       67.15           61              5237.70        1898.66      3339.04
070    64347       65.45           48              1747.20         602.52      1144.67
071    30430       22.10           55              1599.88         313.89      1285.99
072    38648       69.70           66              2325.34          77.74      2247.60
073    59121       81.60           87                 0.00           0.00         0.00
074    41379        1.70           57              1330.72         120.30      1210.41
075    42053       10.20           57             11639.23        1045.06     10594.16
076    16359       75.65           85              4122.34         480.13      3642.21
077    17645       22.95           21              3892.13         520.09      3372.05
078    33276       11.05           18                 0.00           0.00         0.00
079    98679       41.65           47                 0.00           0.00         0.00
080    86828       32.30           41                 0.00           0.00         0.00
081    95540       28.05           17                 0.00           0.00         0.00
082    94459       53.55           73              6242.11         886.57      5355.54
083    60888        7.65           33              3148.08        1386.33      1761.75
084    26754       68.00           29                 0.00           0.00         0.00
085    79189       73.10           30              2902.86         110.46      2792.40
086    81333       40.80           31              2595.19         965.33      1629.85
087    33311       20.40           81              2396.28         510.87      1885.42
088    62302       41.65           45              7511.47         585.27      6926.20
089    72495       43.35           25              4763.72        1327.03      3436.68
090    16813        5.95           86              1772.07         785.87       986.20
091    36711       84.15           54              7912.44        2338.51      5573.93
092    55021       82.45           76              3867.83         201.26      3666.57
093    34080       60.35           22                 0.00           0.00         0.00
094    36622       57.80           46              1018.57         713.26       305.31
095    72969       58.65           52              2624.50         220.12      2404.38
096    40997       41.65           52              2308.66          90.57      2218.08
097    67415       52.70           48                 0.00           0.00         0.00
098    70024       68.85           60                 0.00           0.00         0.00
099    22232       69.70           46                 0.00           0.00         0.00
100    33390       28.90           16                 0.00           0.00         0.00
101    58252       34.85           11                 0.00           0.00         0.00
102    86476       11.05           49              3522.52         488.32      3034.20
103    96881        7.65           40                 0.00           0.00         0.00
104    79851       84.15           22              3302.52         318.70      2983.83
105    30796       54.40           33                 0.00           0.00         0.00
106    73174       41.65           46              1149.80         797.85       351.95
107    76360       32.30           20                 0.00           0.00         0.00
108    52072       63.75           72                 0.00           0.00         0.00
109    68539        5.10           45              2926.96        2106.85       820.10
110    14075        9.35           48              5512.71        1516.67      3996.04
111    53200       68.85           65             11389.19        3894.02      7495.17
112    92628       45.90           40              1066.45         278.44       788.01
113    47734       39.10           25              2702.66        1108.32      1594.34
114    46919        5.95           24              4104.66        1567.23      2537.43
115    57505       43.35           69              8283.60        2531.07      5752.53
116    34027       79.05           38              2621.44         977.70      1643.73
117    96031       45.90           15                 0.00           0.00         0.00
118    42856       10.20           37                 0.00           0.00         0.00
119    48557       59.50           40             12022.11        2516.16      9505.95
120    65985       79.90          100              4975.38         954.52      4020.86
121    41403       43.35           44              9540.29        4032.55      5507.74
122    24733       59.50           36                 0.00           0.00         0.00
123    31189       40.80           54              4184.27        2179.07      2005.20
124    28219       82.45           42              3696.23         358.13      3338.10
125    28409        4.25           31              1973.17         665.11      1308.06
126    80830       78.20           71             10803.46        2221.59      8581.87
127    84766       79.90           31              8030.49        1316.72      6713.77
128    97465        4.25           19              1151.41         407.45       743.96
129    30690       41.65           80              3615.46         648.71      2966.74
130    25684       84.15            1                 0.00           0.00         0.00
131    84555        4.25           63              9541.32        2544.55      6996.77
132    72061       51.00            6              3153.68           0.00      3153.68
133    55439       72.25           64              3605.25         471.01      3134.23
134    92517       11.90           41                 0.00           0.00         0.00
135    37549       44.20           23              3751.11         198.24      3552.87
136    43222       11.05           81              4420.77        2609.43      1811.34
137    92560       28.90           42                 0.00           0.00         0.00
138    81821       61.20           54              3652.14         777.00      2875.14
139    51148       56.10           26              2367.35         868.99      1498.36
140    39088       11.90           41                 0.00           0.00         0.00
141    74680       56.10           44              2020.25         281.31      1738.94
142    85641       28.90           18                 0.00           0.00         0.00
143    27447       59.50           29              3432.06         896.96      2535.10
144    61295       84.15           85             10227.74        3587.88      6639.86
145    44253       36.55           40              5100.92        1836.17      3264.75
146    57036       38.25           52              9395.46        1304.01      8091.46
147    22306       76.50           44              1953.27         310.56      1642.71
148    53846       47.60           60              5678.66         256.08      5422.57
149    63555       43.35           78              1474.61        1041.06       433.54
150    70303       72.25          102              9358.72        2371.18      6987.54
151    36649       79.05           42                 0.00           0.00         0.00
152    96554        4.25           42              1010.14         414.63       595.51
153    86681        8.50           57              3308.49         981.80      2326.70
154    44215       33.15           36              2401.73         912.27      1489.47
155    62008       17.85           38              1461.99         960.91       501.08
156    68610       51.85           19              5785.22        1710.29      4074.93
157    55813       22.95           21                 0.00           0.00         0.00
158    50450       74.80            0                 0.00           0.00         0.00
159    67784       73.95           49                 0.00           0.00         0.00
160    82528       19.55           26                 0.00           0.00         0.00
161    28892       26.35           72              5999.35        1872.29      4127.06
162    86158       47.60           52              6473.57         363.38      6110.19
163    77534       38.25           55                 0.00           0.00         0.00
164    81960       81.60           52              5550.18         891.50      4658.68
165    60086       23.80           24                 0.00           0.00         0.00
166    70225       47.60           63              3177.10         864.18      2312.92
167    83801       37.40           26                 0.00           0.00         0.00
168    83510       22.95           44               828.06         206.71       621.35
169    11592       68.00           50              8430.32         209.29      8221.03
170    47697       14.45           58              1907.19         880.75      1026.44
171    59395       16.15           54                 0.00           0.00         0.00
172    60685       79.90           56              5341.54        1036.10      4305.44
173    58259       85.00           34                 0.00           0.00         0.00
174    17790       17.00            0                 0.00           0.00         0.00
175    34066       51.85           68              4747.47        2408.13      2339.34
176    70113       30.60           43                 0.00           0.00         0.00
177    14962       46.75           26                 0.00           0.00         0.00
178    91282        6.80           58                 0.00           0.00         0.00
179    76247       59.50           90              8445.97        2164.40      6281.58
180    12388       76.50           66              2066.57         765.87      1300.70
181    80839       51.00           20                 0.00           0.00         0.00
182    70807       22.95           18              3837.48        1857.18      1980.30
183    70950       45.05           55                 0.00           0.00         0.00
184    88994       39.10           75               205.45          15.79       189.66
185    90300       40.80           57              5198.51         668.30      4530.22
186    26360        8.50           44                 0.00           0.00         0.00
187    46000       50.15           22              1250.85          43.91      1206.93
188    61211       78.20           37              1758.12          70.92      1687.20
189    89528       13.60           18                 0.00           0.00         0.00
190    58036       33.15           64              2138.66        1293.13       845.54
191    39779       85.00           67              5682.98         474.94      5208.04
192    91653       40.80           19                 0.00           0.00         0.00
193    49685       45.05           37              9196.61        2473.08      6723.53
194    36208       63.75            0                 0.00           0.00         0.00
195    30228       12.75           26              2167.03         749.17      1417.85
196    33200       76.50           48              4379.27        1342.96      3036.30
197    18672       15.30           47                 0.00           0.00         0.00
198    17804       10.20           45                 0.00           0.00         0.00
199    68346       10.20          138              7191.42        3389.52      3801.90
200    75565       46.75            7                 0.00           0.00         0.00
201    57269       34.00           79              2496.24         965.10      1531.14
202    28992       64.60           56                 0.00           0.00         0.00
203    70116       23.80           52                 0.00           0.00         0.00
204    68730        0.85           41              2262.41         284.81      1977.60
205    88266       73.95           63              1366.81           9.89      1356.92
206    98261       70.55           18              2981.32         278.67      2702.65
207    40862       76.50           37              8482.67        3026.47      5456.20
208    68860       59.50           52              7132.21         344.08      6788.13
209    39172       41.65           91              5042.14         847.41      4194.73
210    74924       37.40            9                 0.00           0.00         0.00
211    81062        9.35           44                 0.00           0.00         0.00
------------------------------------------------------------------------------------------------------------------------
Totales:                         9697            627873.06      160436.89    467436.18
========================================================================================================================
