750   63640178   P   605093   24   835103   37   538466   20   307965   36   313114   36
993   85395219   P   270164   26   436335   18   362085   22   858652   20   432223   34   960314   14   123882   35   485573   29   582522   23   532005   30
354   86988155   P   480391   21   612954   14   861587   14   497563   37   968817   34   791897   32   306905   13   926280   17   442537   24   436335   15   557015   17   582522   31
668   54815159   P   895283   23   332763   27   861587   37   773585   26   482448   20   847714   20   708075   13
541   77440060   P   406451   40   858652   34   686105   32   538466   23   746806   13   582596   32
489   43704548   P   729695   14   304305   36   864765   16   762385   18   442537   36
480   94683380   P   813338   35   762385   28   853253   32   687301   12   731743   26   270164   40   986790   34   926280   36   773585   30   926280   35   307965   12   582522   19   731743   29
243   61061535   P   480391   30   916539   32   460007   29   482448   27   390889   30   853253   40   898399   23   149628   30   557015   15   893250   13   480391   17   791897   37   436335   32
726   54815159   P   458140   13   835103   13   390889   38   858652   20   270164   13
173   95656771   P   912828   26   442537   40   496446   35   375499   23   835103   24   149628   25   893250   20   686105   35   437093   28   746806   19   893250   18   557015   21   838014   37
246   90367684   P   986790   38   340805   32   497563   31   176455   13   762385   25
779   14956687   R   749244   33   866818   40   390889   12   176455   15   847668   28
119   51642949   P   935783   29   687301   24   332763   29   178046   12   687301   27   773585   21   762385   27   304305   29   458140   26
209   27709566   P   177908   36   530848   33   532005   29   332763   12   532005   38
45   63640178   R   866818   36   683467   38   968817   35   437093   36   835103   29   437093   25   853253   15   582596   21
856   75100362   R   926280   34   635559   29   898399   18   623027   34   570364   32   813338   39   835103   33   898399   32   838014   16   366499   31   898399   17
800   81647285   P   686105   17   436335   13   683467   13   683467   37   177908   23   791897   31   864765   12   375499   30   442151   13   847668   28
74   77324146   P   306905   34   582522   30   123882   35   708075   23   925603   30   935783   30   375499   19   482448   28   791897   24
239   58643376   R   228423   16   986790   15   284090   36   375499   40   925603   18   497563   38
317   93282118   P   762385   38   570364   22   762385   30   177908   30   683467   33
278   34571095   P   960314   26   835103   22   853253   19   362085   36   926280   21   687301   20
166   72330000   P   406451   39   683467   34   228423   26   123882   36   432223   25   838014   33   340661   37   986790   26
654   93282118   R   944154   33   332763   13   274470   40   686105   33   861587   17   333908   37   926280   12   366499   33   390889   19   432223   34   409970   21   746806   18   168133   12
501   54149342   R   485573   32   530848   22   925603   17   340805   22   746806   25   390889   14   944154   22   575057   27
84   54815159   P   968817   26   895283   29   149628   34   702264   20   178046   19   838014   12   458140   34   140757   36   123882   32
707   59561864   P   123882   28   582596   13   635559   32   582596   34   925603   19   686105   13   263604   18   263604   27   731743   38
250   35347567   P   960314   18   375499   38   708075   12   530848   24   912828   36   765960   21   458140   17
665   80694546   P   362085   12   683467   40   284090   39   274470   25   935783   16   729695   26   762385   30   442537   17   460007   32   442151   32   960314   19
482   61061535   P   582522   20   749244   39   775340   40   362085   40   847714   17   284090   12
778   79100967   R   861587   39   168133   19   925603   30   775340   19   582522   12
214   65912822   P   263604   23   149628   12   858652   36   263604   26   332763   22
557   75100362   P   749244   32   366499   28   306905   24   765960   31   437093   19   313114   13   480391   39   557015   22   960314   37   847714   15   791897   36   773585   31   724950   16   986790   39   178046   28
684   68114999   R   775340   40   847714   23   176455   24   442151   28   390889   36   306905   12   176455   12   432223   30   436335   27   442537   23
269   71422479   R   623027   32   436335   15   530848   14   375499   38   724950   14   968817   37   856412   21   895283   27   729695   40   856412   31   362085   40   123882   14   366499   34   442151   13
628   94683380   P   409970   38   437093   21   858652   14   497563   33   968817   12   898399   25   480391   13   635559   18   864765   16   835103   23   847668   17   123882   33   838014   39   333908   34   895283   32
865   65912822   R   724950   33   731743   16   687301   30   791897   14   944297   16   538466   23   409970   15   140757   32   485573   23   746806   16   333908   37   605093   31
199   30246960   P   307965   26   160556   23   307965   14   332763   21   762385   12   866818   23   140757   32
841   58643376   R   898399   15   724950   29   458140   24   893250   24   582596   27
737   35852072   P   813338   30   177908   29   912828   13   176455   33   163590   35
85   93939698   P   274470   23   160556   33   362085   32   575057   39   775340   37   460007   27   582522   24   838014   29   140757   38   895283   13   835103   30   765960   21
687   58643376   P   458140   28   612954   22   731743   25   986790   25   176455   28   406451   23   480391   18
945   32538825   P   686105   28   856412   38   775340   38   460007   32   270164   40   333908   33   409970   23   497563   13   485573   24   176455   24
55   35347567   P   480391   15   605093   35   944154   26   935783   25   686105   37   912828   31   944154   22   702264   40   612954   30   935783   31
150   57182371   P   304305   25   270164   31   282195   34   436335   25   362085   37
383   17299012   P   362085   34   866818   26   912828   15   623027   38   340661   40   898399   28   178046   31   861587   19   538466   18   366499   39   496446   39   935783   13
407   35347567   P   749244   29   895283   28   480391   34   729695   30   460007   40
904   61061535   P   968817   32   149628   15   853253   23   546924   30   866818   33   861587   22   925603   32   366499   12
557   94683380   P   432223   26   570364   29   333908   28   570364   34   274470   21
585   77324146   P   366499   37   406451   13   944154   14   333908   37   686105   36
122   53420926   P   409970   29   835103   16   683467   17   313114   24   974658   16   284090   26   263604   27   686105   18   332763   25   480391   18   362085   19   893250   31   480391   29
833   41964357   R   168133   21   546924   20   773585   20   925603   26   436335   20   270164   31   496446   38   375499   12
675   59561864   R   546924   15   550217   38   893250   31   163590   24   925603   26   530848   19   623027   18   746806   28   912828   37   731743   39   986790   21   263604   15   274470   22   866818   20   729695   38
352   93282118   P   485573   37   856412   19   340805   33   340805   25   925603   37
415   31284904   P   731743   17   442151   27   582522   38   532005   14   944297   31   340661   27   912828   40
116   59561864   R   366499   39   362085   35   724950   26   570364   20   687301   31   160556   28   765960   39   432223   31   532005   21   944154   32   480391   27   968817   27   282195   14   861587   31   605093   33
316   53420926   P   546924   29   708075   15   546924   38   270164   33   775340   36   460007   16
941   62287143   P   702264   28   306905   20   582522   37   708075   12   686105   14   746806   28   898399   19   274470   20   442537   29
493   14956687   P   284090   36   968817   19   935783   14   708075   12   458140   39   724950   34   304305   28   765960   26   437093   24   178046   24
586   62287143   P   683467   33   437093   34   437093   32   775340   27   375499   28
119   22598563   P   898399   26   332763   33   123882   28   530848   38   546924   29
912   59596317   P   861587   35   460007   18   765960   25   847714   22   176455   26
386   71422479   P   340661   21   912828   21   582522   33   485573   18   974658   14
839   12484697   P   773585   14   853253   35   683467   13   228423   17   177908   19   889944   38   889944   33   362085   31   853253   40   749244   38   575057   23   866818   31
794   54149342   P   765960   34   635559   33   177908   15   436335   12   284090   25   496446   24   861587   33   749244   17
621   71422479   R   765960   39   866818   26   944154   36   847714   33   332763   12   926280   26   912828   31   916539   33   550217   28   375499   37   485573   19   123882   15   437093   15   925603   23
512   28992638   P   538466   19   702264   27   340805   24   612954   40   442151   27   274470   30   605093   35   686105   35   270164   29   263604   36   178046   26   482448   22
177   86836066   R   123882   39   724950   23   178046   24   340661   15   176455   19   366499   33   442151   15   749244   39
540   51642949   R   442537   12   791897   36   916539   18   340661   39   765960   21   926280   12   765960   15   926280   27   149628   24   960314   30   912828   27   729695   39   366499   36   866818   34   889944   34
121   91187814   R   497563   20   605093   16   366499   35   160556   19   960314   30   974658   13   731743   15   333908   37   123882   24   858652   22   724950   22   176455   32   986790   27   582522   15
363   36471787   R   749244   14   898399   22   263604   25   458140   22   149628   29
413   22679759   P   550217   29   893250   13   575057   34   575057   16   858652   28
739   90367684   R   847668   19   986790   26   332763   18   530848   22   485573   33
245   49357767   P   895283   13   898399   14   858652   12   835103   38   916539   30   702264   19   847714   29   791897   36   926280   32   605093   37   864765   33   460007   16   546924   13   935783   33
393   25062013   R   570364   27   497563   37   480391   13   140757   21   853253   40
188   59561864   P   960314   25   274470   28   557015   37   968817   20   482448   21
195   52313890   P   530848   17   762385   16   731743   16   485573   26   546924   37   926280   33   838014   21   944297   22
893   85395219   P   974658   21   702264   38   835103   29   340805   30   178046   23   729695   30
893   61061535   P   333908   14   683467   34   497563   19   406451   30   530848   40
63   35606314   P   847714   14   432223   29   432223   31   163590   31   274470   28   813338   33   791897   26   582596   31   274470   14   683467   15   168133   13   538466   19   762385   40   683467   37   838014   38
625   93939698   P   853253   14   270164   29   847714   17   702264   29   687301   31
383   66091742   P   437093   16   480391   13   442151   24   683467   38   749244   37
62   36471787   P   228423   38   176455   36   570364   40   570364   33   177908   37   889944   29   485573   31
622   72973662   P   304305   39   605093   19   765960   20   176455   35   582522   14   861587   40   835103   31   306905   37   835103   23   898399   37   460007   23   485573   15   375499   32   228423   19
944   77324146   P   282195   24   263604   12   683467   18   432223   17   683467   36   746806   30   375499   20   538466   17   480391   14   538466   26   177908   30
134   51873364   P   532005   15   895283   15   274470   22   168133   40   926280   20   960314   20   813338   16   284090   31   496446   25
212   22598563   P   306905   19   123882   39   762385   34   270164   35   306905   34   686105   28   496446   12   550217   14   458140   20
906   51873364   R   482448   20   838014   28   375499   16   375499   16   612954   38   944297   24   546924   28   861587   12   856412   40   683467   35
413   81647285   P   623027   40   687301   31   749244   18   123882   28   861587   21   140757   37   306905   40   702264   20   163590   27   163590   14   168133   25
492   25062013   R   582596   26   442151   34   284090   35   861587   34   889944   25   835103   29   935783   31   550217   12   274470   13   333908   16   340805   15
815   86988155   R   270164   28   575057   27   530848   20   176455   40   178046   32   762385   27   304305   18   366499   20   895283   15   856412   28   944154   37   432223   19
995   81539774   P   898399   15   538466   32   729695   38   437093   20   550217   19   482448   26   861587   35   532005   16   304305   40   702264   39
718   92275859   R   582522   32   765960   35   282195   16   702264   37   178046   19
500   15290194   P   866818   22   605093   24   944297   22   612954   17   847668   16   332763   35
126   68114999   P   687301   35   898399   24   866818   20   177908   25   847668   30   775340   15   375499   26
345   22679759   R   893250   35   442537   15   635559   17   532005   16   530848   14   557015   26   683467   35   858652   27
500   72973662   P   635559   27   702264   21   307965   23   749244   13   687301   16   570364   12   432223   27   687301   17   366499   31   557015   27   974658   28   765960   31   437093   23
156   77440060   P   546924   26   729695   33   306905   35   333908   38   306905   25   749244   36
633   80694546   P   362085   33   708075   17   775340   28   847668   23   313114   35
906   34571095   P   340805   22   177908   25   968817   39   270164   13   178046   37   178046   16   708075   32   925603   37   496446   13   304305   25   612954   19
404   25062013   P   853253   34   485573   16   149628   12   442537   39   944297   22
128   34697743   R   582596   39   406451   35   702264   37   835103   13   775340   34
235   93939698   R   570364   37   306905   39   274470   38   458140   35   575057   12   765960   24   409970   22   925603   21   263604   40   274470   23   282195   40   497563   18   775340   28   340805   22   762385   15
255   51873364   P   916539   28   838014   36   605093   38   856412   24   140757   15   437093   36   635559   36
623   68114999   P   530848   12   375499   30   749244   28   605093   26   635559   19   176455   37   895283   20   746806   19
710   31284904   R   176455   32   177908   32   140757   17   861587   14   838014   20
255   37282858   P   480391   28   912828   20   916539   12   866818   15   762385   30   168133   26   390889   31
913   37282858   P   838014   36   813338   15   866818   19   773585   32   149628   14   847668   22   935783   23   284090   36
179   75100362   P   496446   32   270164   16   775340   30   437093   21   123882   26   140757   22   163590   34
514   85395219   P   746806   13   460007   25   437093   18   893250   14   485573   34   375499   20   406451   32   853253   32
893   90367684   P   178046   32   532005   29   442537   32   409970   31   916539   25
431   27709566   R   406451   23   582522   32   340661   27   898399   15   538466   36   366499   15   149628   19   935783   37   895283   27   437093   27   332763   22
954   68269451   R   390889   19   306905   14   746806   22   858652   28   724950   36
931   59596317   P   313114   38   960314   15   974658   20   729695   15   612954   33
474   43704548   R   149628   15   835103   12   856412   32   406451   30   409970   30   340805   31   123882   25   176455   13   729695   32   532005   28   612954   33   765960   25   432223   32   926280   20   442537   26
59   93939698   P   460007   28   409970   13   274470   24   702264   24   458140   37   557015   31   366499   12   944154   22   306905   13   482448   35   847714   28   687301   33   497563   40
676   93282118   R   333908   29   895283   29   912828   38   390889   19   460007   40   390889   15   729695   39   550217   38   944297   33
397   62126128   P   340805   23   284090   39   912828   26   460007   38   149628   20
916   32538825   R   123882   20   160556   36   861587   15   460007   27   178046   26   858652   37   960314   15   835103   21   270164   23   893250   39   773585   40   895283   28   140757   20   177908   32   333908   17
295   35347567   R   176455   17   306905   40   960314   33   362085   23   557015   39   123882   30   813338   27   176455   37   612954   17   847668   20   333908   21   847714   23   532005   28   683467   27   160556   18
262   63640178   P   968817   27   765960   19   893250   14   835103   24   313114   21   557015   40   163590   33
68   65912822   P   557015   25   458140   34   307965   24   178046   32   775340   19
774   22679759   P   773585   31   178046   23   557015   40   791897   22   582596   40   856412   40   935783   18
444   86836066   P   986790   16   362085   21   546924   18   895283   22   749244   17
356   15290194   P   282195   34   974658   23   612954   40   274470   39   623027   28
670   81539774   R   729695   28   390889   16   960314   32   482448   25   530848   16   497563   24   765960   14   944297   30   557015   16   916539   29   582522   38   366499   19   306905   40   442537   37   176455   20
479   53420926   P   686105   30   497563   19   925603   35   140757   26   912828   25   538466   25   746806   17   168133   12   263604   29   960314   40   140757   22   762385   15   176455   20   686105   19
632   51465986   R   546924   38   442537   15   864765   28   612954   20   765960   20
304   68114999   P   362085   36   623027   15   731743   18   163590   40   612954   35   635559   25   861587   24   944297   39   406451   26   228423   35   485573   30   366499   16   708075   17   813338   30   532005   20
482   93939698   P   813338   39   702264   36   623027   31   926280   24   683467   33   442151   37   935783   36   163590   28   612954   40   160556   38   458140   20
418   72973662   P   582522   18   853253   29   228423   25   436335   19   686105   12
856   51642949   P   773585   20   366499   36   436335   17   861587   22   731743   36   362085   32   340661   13   390889   31   623027   29   835103   21   460007   27   460007   29   458140   18   263604   19
862   75100362   P   960314   21   791897   37   282195   14   708075   40   274470   22   177908   30   160556   18   284090   20   284090   14   835103   33   773585   34   432223   36   178046   18
793   30246960   R   853253   21   496446   29   986790   12   485573   20   123882   33   263604   39   263604   26   228423   18   168133   22   432223   12   436335   24
536   93231760   P   436335   21   228423   25   270164   35   333908   14   683467   19   228423   28   912828   33   485573   16   724950   13   623027   13   702264   20   263604   39   570364   12   582596   27
535   66039166   P   306905   12   773585   40   458140   35   228423   34   149628   19   762385   24   546924   17
105   86988155   P   635559   40   163590   19   944154   34   307965   26   284090   37
406   86988155   P   340661   19   406451   19   546924   29   532005   29   775340   39   313114   22   362085   35
125   59561864   R   729695   25   530848   14   149628   26   765960   25   889944   27   284090   36   390889   21   496446   21   390889   20   847714   25   557015   17
231   30246960   P   333908   32   765960   23   550217   15   480391   19   724950   40
646   30246960   P   944154   32   149628   29   986790   17   935783   13   482448   35   497563   14   178046   38   306905   21   749244   28   340805   25   635559   36
672   51642949   R   986790   33   270164   40   228423   21   575057   30   853253   28   623027   14   160556   17   729695   12   375499   18   550217   32   612954   36   313114   19   847668   35   912828   33
883   36934113   R   623027   40   575057   17   847668   38   496446   13   304305   13   898399   31   729695   17   274470   25   274470   32   775340   23   570364   29
924   51873364   R   765960   38   332763   23   623027   26   731743   25   724950   27   340805   33   228423   15   436335   30   898399   23   895283   30   274470   17   847668   26   123882   20
582   53420926   P   708075   20   612954   32   306905   24   773585   37   340805   23   228423   39   332763   36
476   57182371   P   926280   17   409970   30   635559   19   925603   34   960314   16
462   31284904   R   482448   29   442537   14   168133   32   944154   16   160556   22   313114   16   960314   32   708075   19
952   72330000   R   340805   40   550217   27   731743   16   497563   21   635559   23
773   80694546   R   497563   25   460007   35   853253   20   485573   17   960314   21
380   81539774   R   530848   17   912828   18   746806   34   635559   39   623027   17   485573   32   708075   24
804   63640178   P   436335   26   442151   39   149628   30   497563   18   708075   32
840   49357767   P   530848   37   686105   23   746806   34   140757   24   623027   18   496446   28   605093   38   284090   40   960314   16   838014   19
288   58643376   R   485573   24   687301   39   375499   22   366499   13   847714   20   362085   21   926280   33   333908   28   306905   33   866818   21
875   93231760   P   765960   24   889944   33   749244   31   898399   28   960314   22   856412   35   460007   23   530848   15   437093   17   813338   33   729695   24   925603   32   390889   16   485573   14   140757   40
616   68114999   R   228423   12   546924   30   708075   24   686105   33   683467   22   724950   25   437093   28
586   36934113   P   974658   19   866818   34   861587   30   746806   16   702264   35   390889   25   773585   36   270164   25   340661   13
852   58643376   P   436335   28   177908   34   926280   40   442537   30   889944   38   532005   38   968817   12   485573   40   178046   25   835103   16   582522   36
181   20371464   R   686105   17   482448   32   847714   36   332763   15   916539   25   270164   21   480391   38   702264   17   765960   27   724950   36   284090   14
932   45914393   R   366499   38   538466   20   263604   32   986790   28   765960   34   683467   13   497563   13   333908   36   160556   32   724950   19
712   51873364   P   375499   17   935783   38   912828   15   570364   13   856412   40   274470   26   986790   20   482448   19   460007   20   340805   14   925603   19   702264   39   306905   40   532005   28   406451   16
448   72973662   P   986790   13   853253   18   263604   16   163590   37   458140   25
827   22598563   P   889944   22   813338   26   856412   34   575057   28   340661   28   332763   26
234   81647285   P   612954   19   263604   24   485573   18   635559   34   765960   13   406451   17   986790   31
262   54815159   P   866818   39   944297   14   944154   37   898399   36   864765   15
449   22598563   R   773585   17   856412   31   263604   32   864765   17   546924   21   123882   22   442151   26   409970   38
914   60543714   R   853253   38   944154   16   856412   33   775340   26   409970   27   853253   26   813338   35   724950   26   974658   21   746806   13
269   14956687   P   926280   33   838014   27   813338   15   916539   31   306905   16
929   93282118   R   835103   37   538466   25   925603   18   160556   21   550217   34
363   77440060   P   390889   12   178046   17   123882   32   390889   25   432223   12   986790   13   530848   14   856412   15   925603   22
70   51873364   P   813338   17   605093   39   307965   34   791897   15   123882   39   861587   23   304305   18   485573   27   968817   30   702264   28
111   94683380   P   538466   37   864765   39   178046   40   546924   40   497563   34
485   71422479   P   582522   25   687301   33   731743   18   974658   34   332763   35   546924   12   612954   19   375499   38   893250   32   178046   32   550217   24   160556   29   436335   18   304305   34
994   63640178   R   442151   28   390889   20   366499   20   482448   19   313114   19
630   13731806   P   926280   40   791897   27   168133   28   480391   19   140757   29   263604   33   866818   30   123882   23   390889   23   864765   36   313114   30   925603   22   974658   15   546924   39
72   54815159   P   864765   40   893250   16   176455   34   304305   34   687301   33
106   20371464   R   847714   12   986790   20   916539   29   895283   35   749244   20
327   37282858   P   856412   40   708075   22   458140   32   570364   22   432223   14   480391   33
486   36934113   P   458140   12   176455   23   304305   39   582522   21   304305   32   557015   35   442537   15   944154   18   442151   23   362085   20   724950   23   442151   23
362   90367684   R   974658   30   485573   37   460007   38   333908   37   178046   27   708075   32   176455   24   550217   12   746806   34
562   66039166   R   916539   16   284090   38   853253   12   485573   21   366499   25
194   99774549   P   895283   16   935783   12   307965   18   762385   12   687301   40   775340   15   605093   38   582522   40   432223   12   856412   36   773585   34   270164   19   442537   25   575057   26
338   25062013   R   762385   24   853253   16   729695   25   746806   20   282195   31
216   99774549   P   140757   28   889944   30   858652   12   749244   34   968817   24   683467   31   123882   19   838014   22
958   99774549   R   944297   23   935783   20   480391   33   263604   35   228423   19
926   45914393   P   532005   19   406451   18   497563   18   835103   23   332763   27   270164   22   332763   35   889944   39
688   99774549   P   362085   34   436335   25   480391   30   375499   31   163590   21
748   92275859   R   546924   25   968817   20   163590   13   375499   28   944297   15   944297   28   686105   15
887   45201670   R   605093   39   575057   23   409970   37   332763   15   575057   30   432223   21   635559   14   605093   21   160556   36   708075   14   530848   13   926280   17   944154   31   944154   29   284090   34
374   75100362   P   140757   14   480391   12   163590   39   746806   34   485573   28
646   81647285   R   986790   22   926280   34   332763   33   729695   12   546924   37   557015   34   270164   33   916539   22   442537   26   582522   26   575057   16   765960   33   986790   39
502   99774549   P   813338   34   160556   27   702264   14   282195   16   532005   23   895283   17
918   51873364   R   898399   35   176455   19   306905   37   773585   23   437093   22   986790   33   557015   20   746806   21   496446   36   895283   24   437093   22   635559   18   893250   27
208   17299012   P   895283   15   835103   40   944154   17   284090   30   263604   21   270164   40   437093   25   866818   25
62   32538825   R   409970   36   582596   30   775340   28   916539   33   550217   26
500   14956687   P   274470   34   582522   34   362085   22   437093   33   895283   40
787   32538825   R   895283   20   496446   20   546924   17   485573   40   409970   23   263604   14   912828   31   623027   25   749244   28   935783   17   724950   35
185   86836066   P   228423   35   163590   35   686105   14   612954   26   282195   39   791897   14
993   79100967   P   228423   15   140757   15   460007   39   858652   26   333908   24   140757   13   986790   29   168133   24   847668   12   163590   18   898399   18   724950   22   140757   19   582522   20
628   95656771   P   390889   33   916539   40   366499   29   889944   18   375499   29
203   34697743   P   482448   28   460007   12   140757   35   340661   27   687301   15   149628   16   926280   18   762385   30   749244   28   458140   18   838014   14   575057   35   284090   17   612954   24
721   91187814   R   313114   40   944297   18   864765   26   847668   31   838014   36
845   14956687   P   340661   17   274470   23   856412   16   530848   33   530848   18
575   59596317   P   496446   23   925603   27   749244   36   683467   40   847668   17   775340   32   968817   26   550217   34
230   32538825   P   160556   18   437093   35   284090   38   775340   29   935783   34   538466   19
829   36934113   P   968817   12   683467   38   282195   12   926280   23   702264   32   612954   20   773585   18   313114   34   546924   34   898399   29   366499   30
118   63640178   R   304305   19   362085   29   889944   31   497563   22   861587   31   362085   26   729695   31
990   34697743   P   406451   26   968817   27   968817   34   176455   34   935783   14
115   32538825   P   895283   17   482448   17   497563   21   856412   25   313114   26   274470   39   178046   38   708075   28   332763   13   749244   32   635559   34   442151   28   749244   32   926280   14   263604   20
556   92275859   P   442151   33   864765   34   390889   18   409970   14   898399   24
175   90367684   R   480391   24   406451   23   442537   17   724950   16   861587   17   340661   26   853253   27   485573   38   864765   28   437093   17   813338   40   177908   35
872   63640178   P   458140   37   177908   34   686105   35   858652   36   406451   12   149628   20   307965   16   307965   39
510   58643376   R   916539   32   702264   27   570364   39   582596   36   686105   40
392   93282118   P   916539   25   332763   34   944154   19   442537   36   263604   30   866818   28   178046   25   458140   16   895283   14   925603   31
564   77324146   P   773585   18   702264   37   605093   30   889944   30   623027   27   889944   31   926280   37   762385   38   458140   13   847714   19   847668   40
902   66039166   R   458140   23   333908   26   332763   14   960314   39   307965   25   570364   24   274470   34   458140   22   575057   27   729695   39   460007   30
398   15290194   P   847668   40   944297   40   729695   23   390889   37   304305   14
322   37282858   P   702264   39   847714   20   168133   22   228423   12   177908   16   762385   25   532005   25   304305   22   482448   14
365   75100362   P   432223   33   775340   34   974658   18   847714   17   582522   19   482448   21   765960   30   582596   40   307965   24   916539   21   731743   17
489   60543714   P   775340   18   974658   35   458140   36   366499   29   575057   31
714   31284904   R   496446   16   791897   37   775340   20   442151   28   864765   36   974658   23   623027   19   605093   18   570364   40   605093   15   480391   37   605093   33
122   54815159   P   340805   20   390889   12   687301   20   775340   23   835103   21
402   99891737   P   708075   26   366499   24   775340   29   864765   16   482448   15
42   13731806   P   635559   39   731743   28   263604   27   916539   30   960314   27   986790   33   838014   26   729695   15   362085   28   284090   23   532005   18   765960   34   893250   36   442537   39
581   43704548   R   140757   28   986790   37   163590   28   176455   40   582522   33   168133   29   282195   21   436335   40   974658   34
347   30246960   P   960314   17   177908   26   635559   30   306905   12   708075   34   775340   22   538466   37   858652   34   635559   39   409970   36   436335   18   858652   24   847668   14   532005   18
43   37282858   R   813338   16   432223   39   729695   14   775340   35   332763   37
240   22679759   P   582596   26   968817   22   480391   13   570364   20   944297   25
926   41964357   P   866818   23   702264   34   177908   13   532005   31   635559   23   749244   23
421   45201670   P   847714   30   749244   38   944154   30   864765   18   724950   33   282195   17   895283   25   775340   21   912828   39   436335   13   333908   40
611   22679759   R   340661   17   925603   13   847714   34   986790   40   729695   21   960314   20   960314   34   546924   16
526   25062013   R   546924   18   307965   25   926280   17   612954   33   340805   23   496446   26   898399   15   866818   31   895283   40
872   80694546   P   437093   14   729695   12   731743   20   570364   40   482448   39
698   93282118   R   708075   24   702264   29   582596   24   926280   21   485573   38   458140   19   149628   22   847668   13   635559   37   686105   31
284   71422479   P   437093   20   791897   16   762385   16   749244   36   864765   16   925603   35   409970   31   340661   28   176455   30   442151   21   765960   34   889944   31
244   66039166   R   935783   40   366499   14   898399   28   765960   35   575057   12   575057   30   340805   27   847714   12   458140   37   925603   19   916539   27   570364   23   765960   13
673   77440060   P   773585   30   866818   32   176455   32   263604   34   497563   33   775340   17   898399   27   496446   17   635559   26   485573   35   702264   23   437093   24   123882   29
453   93282118   R   177908   19   340661   33   889944   21   731743   37   485573   34
325   20371464   R   889944   32   813338   36   532005   23   856412   31   686105   19   123882   38   557015   29   282195   34
654   43704548   R   944154   39   274470   36   274470   28   304305   27   791897   40   835103   15   442537   31   686105   15   160556   34   497563   31   307965   37   390889   29   550217   27   282195   27   442537   33
815   41964357   R   362085   17   582596   29   858652   27   635559   32   160556   21
271   66091742   P   436335   38   847668   28   332763   12   775340   12   847668   21   605093   17
285   99891737   P   749244   17   773585   34   746806   40   178046   39   442537   40   582596   25   160556   18   546924   34   635559   23   546924   15   270164   27   916539   21   582596   23
880   20371464   R   944154   15   853253   22   575057   15   773585   37   307965   25
801   54815159   R   482448   14   912828   27   746806   26   178046   36   307965   20
691   36471787   P   791897   22   925603   26   284090   25   538466   23   893250   32   149628   19   853253   23   635559   40   683467   38
571   93231760   P   532005   37   935783   28   390889   20   813338   25   570364   37   582596   24   866818   15   813338   40   635559   27   482448   23   375499   24   570364   14   432223   32   460007   27
84   86836066   R   274470   24   724950   37   729695   28   458140   28   140757   26   340805   36   546924   25   557015   37   140757   30   858652   34   482448   35   612954   21   550217   23   480391   23
696   51465986   R   304305   25   570364   34   270164   29   746806   39   307965   38   686105   33
757   14956687   P   925603   40   935783   27   460007   13   546924   39   968817   19   813338   16   986790   12
937   81647285   P   724950   36   390889   29   605093   39   866818   20   538466   33
725   66039166   R   557015   40   178046   13   813338   35   889944   26   160556   12   916539   25   861587   12   496446   25   496446   30   944297   32
148   57182371   R   864765   26   582522   20   458140   32   944297   20   731743   21   406451   40   496446   22   889944   12   340805   22   550217   39   686105   37   762385   40   702264   32   485573   33
962   58643376   R   708075   22   340661   20   813338   22   362085   24   683467   26   895283   38   960314   35   838014   37   458140   29   835103   19
214   93282118   P   889944   39   702264   36   530848   26   866818   37   546924   19   570364   21   916539   39   889944   25
546   30246960   P   332763   35   123882   36   944297   28   746806   12   765960   31
401   34571095   R   532005   40   912828   29   332763   33   178046   14   538466   33
48   59596317   P   731743   22   773585   24   306905   31   178046   37   708075   35   858652   15
96   49357767   P   432223   25   263604   24   864765   30   375499   35   458140   37   406451   18   935783   21
575   77324146   P   274470   36   366499   12   749244   37   442537   25   362085   23   163590   22   140757   13
848   36471787   P   436335   20   605093   17   442537   20   163590   30   773585   12
553   20371464   P   375499   19   864765   34   635559   23   960314   13   835103   23   442151   24   895283   29   813338   24
674   54815159   R   702264   32   340661   24   889944   19   432223   30   582596   25   925603   39   686105   31   458140   35   916539   40   332763   15
596   52313890   R   442537   34   460007   14   925603   12   686105   22   686105   27   889944   20
607   71422479   R   575057   18   944297   26   496446   30   366499   24   160556   24   313114   20   177908   37   436335   20   866818   15   406451   21
381   62126128   P   140757   32   847668   21   838014   15   773585   21   163590   24   458140   13   866818   15   960314   22   406451   20   458140   26   582596   26   893250   26   974658   24   635559   20
950   32538825   P   986790   23   853253   26   847668   29   458140   31   177908   13
806   52313890   R   864765   26   485573   19   436335   36   575057   38   960314   25
895   93939698   R   847668   31   546924   22   123882   16   968817   40   304305   26   149628   29   274470   24
743   94683380   P   582596   25   485573   28   530848   19   861587   31   731743   14   432223   26   460007   37   496446   29   683467   23   149628   21
880   15290194   P   570364   16   546924   15   702264   13   813338   39   375499   30
584   68114999   R   775340   26   362085   35   773585   31   176455   22   813338   33
310   54149342   P   263604   27   866818   28   926280   35   612954   31   485573   18   702264   37   149628   23   864765   26   546924   38   530848   27   858652   19   304305   22   893250   28
853   93231760   P   960314   23   864765   19   575057   35   497563   22   974658   24
915   20371464   P   762385   36   482448   30   944297   13   861587   19   362085   30   866818   17   274470   17   835103   27   406451   28   333908   31   362085   29   497563   40
843   34571095   P   912828   30   406451   26   838014   27   570364   25   926280   37   123882   38   791897   26   340661   20   612954   27   791897   40   838014   16   177908   40
759   65912822   R   866818   34   163590   35   835103   12   123882   40   853253   15   866818   22   263604   14   362085   18   482448   37   333908   28   856412   22   176455   36
460   53420926   R   270164   39   546924   23   889944   25   123882   12   916539   29
887   68114999   R   895283   37   944297   14   480391   12   282195   36   731743   16   284090   18   497563   29   176455   38   702264   23   623027   34   284090   16   866818   23   582596   18   366499   37
745   91187814   P   163590   37   866818   39   482448   28   864765   36   332763   17
877   75100362   P   366499   31   307965   40   864765   15   686105   40   729695   26   313114   14   228423   26   861587   37   307965   18   838014   29   746806   39   708075   17   270164   40   304305   28
891   51642949   P   864765   14   532005   18   442151   38   442151   31   612954   22   340661   23   835103   27   332763   12   858652   26   835103   39   307965   13   765960   29   702264   19   546924   14
444   14956687   P   432223   35   925603   36   458140   22   409970   32   765960   19
129   91187814   R   497563   18   123882   21   530848   35   178046   40   729695   26   623027   30   773585   36   366499   14   612954   15   306905   39   853253   25   306905   30   582522   39
42   59561864   P   480391   35   333908   21   282195   28   274470   40   724950   21
288   14956687   P   974658   13   163590   40   974658   24   496446   26   550217   21   496446   28   340661   35   895283   30   340805   24   304305   15   485573   33   895283   35   838014   20   176455   32   282195   30
644   66091742   R   974658   12   864765   33   935783   30   687301   36   791897   34
862   32538825   R   496446   30   532005   34   944297   22   176455   39   306905   21
650   57182371   P   944154   36   935783   24   550217   28   366499   16   775340   28   375499   19   926280   33   889944   18   575057   20   847668   19   944154   31   333908   26
288   59561864   R   687301   17   889944   15   898399   32   749244   13   160556   33
364   28992638   P   460007   36   775340   18   436335   16   861587   28   178046   22   176455   24   436335   31   935783   30   332763   40   708075   20
679   86836066   R   853253   19   538466   29   895283   18   406451   14   582522   19   482448   13   702264   35   442151   29
54   79100967   P   926280   12   582522   20   362085   28   340805   32   482448   32
240   32538825   P   893250   35   340661   19   436335   40   409970   38   436335   13   861587   37   724950   22   270164   30   375499   35
50   22679759   P   858652   36   149628   36   847714   15   313114   23   575057   36
193   54149342   R   362085   40   623027   33   895283   18   935783   30   270164   14   775340   17   974658   22   612954   40   968817   30   702264   13   270164   38   160556   30
568   63640178   P   176455   35   847668   34   480391   30   160556   32   773585   30   729695   20   362085   39   307965   16   925603   19   366499   36
658   59561864   P   482448   26   406451   40   623027   32   482448   34   270164   16   944154   31   177908   31   340661   26   687301   39   895283   22   858652   14   575057   13   935783   18
354   12484697   P   375499   28   282195   23   546924   13   575057   32   835103   27
374   66039166   P   729695   18   702264   22   532005   22   362085   37   986790   34   570364   39   538466   33   708075   20   304305   14   306905   40   847668   36   140757   32   228423   27   813338   32   635559   21
672   35852072   P   612954   16   926280   40   847668   17   176455   34   442537   29   749244   35   866818   29   612954   30   485573   22
578   51465986   P   838014   18   160556   35   333908   19   773585   40   847668   20
486   36934113   P   974658   17   575057   35   313114   19   847668   19   333908   19
61   25062013   R   168133   14   813338   21   773585   17   916539   38   436335   38   530848   39   177908   27   895283   27   893250   22
838   54149342   P   687301   35   635559   35   724950   12   480391   20   986790   28
647   28992638   R   263604   40   140757   17   496446   35   362085   32   864765   37   160556   26   460007   25   340805   20
274   99774549   P   482448   34   532005   22   791897   32   532005   14   835103   34   856412   40   550217   21   866818   26   140757   39   270164   24   442151   19
431   45914393   P   749244   38   228423   26   332763   25   916539   28   773585   19
373   99774549   P   746806   16   623027   16   702264   31   340661   16   944154   18   773585   40   442537   17   270164   33   898399   14   864765   31   366499   15   437093   15   731743   14   123882   20   935783   37
439   57182371   R   375499   29   866818   26   163590   33   304305   17   864765   23
763   51642949   R   813338   20   858652   36   935783   20   895283   35   362085   34   724950   24   898399   22   724950   16   333908   40   458140   23   935783   28   749244   27   575057   21   749244   40
743   93231760   R   332763   32   813338   21   582522   37   835103   20   813338   18   406451   15   893250   20   944297   26   968817   29   284090   12   813338   26   582522   14   702264   35   270164   23   442537   37
322   81539774   P   762385   21   406451   22   550217   35   686105   20   282195   20   228423   35   858652   19   968817   33
394   20371464   P   893250   33   687301   17   333908   28   362085   39   177908   37   847668   14   889944   16   775340   31   986790   25
349   54815159   P   986790   21   442537   16   390889   25   895283   40   687301   36   895283   26
668   62126128   R   687301   32   263604   21   898399   12   605093   40   968817   17
849   49357767   R   847668   26   333908   32   582522   19   605093   17   340661   20   889944   28
624   25062013   P   582596   27   838014   20   270164   24   898399   34   497563   39   858652   14   765960   37   149628   24   724950   19   546924   39   835103   34   282195   18   623027   31   460007   33
139   99774549   R   866818   19   436335   12   835103   26   340805   17   847668   12

