80852723    918395014     145.28
89592224    917570280     502.52
44100273    943020194     768.71
58451986    914227609     925.73
02775203    964078273    1064.25
56318463    915695710    1769.80
11758100    971713580    3168.61
81427075    924307051    3207.15
72100297    979737028    3395.71
61862726    879308214    3452.14
95641322    872863987    3627.00
27773080    967755653    3630.50
03128138    875319452    4090.60
89500880    900552941    4179.18
69169238    946861718    4294.87
92235784    876390024    4439.31
52241331    903552545    4928.81
85933388    948303525    4956.02
42421821    971462569    4982.13
89021007    878320910    5319.54
28222007    880399985    6000.39
62422125    988491375    6404.37
80549084    884883370    6456.63
63859899    986451778    6955.85
01622783    979727014    7149.73
41359143    957603777    7196.74
25848411    892823676    7243.08
75860456    981873261    7553.20
43685982    998469077    7583.99
50340800    954216403    8494.02
34678483    916151575    9797.71
02823498    929714058    9853.29
19456565    927427578    9923.73
