85933388     948303525     4956.02
41359143     957603777     7196.74
01622783     979727014     7149.73
50340800     954216403     8494.02
61862726     879308214     3452.14
19456565     927427578     9923.73
89500880     900552941     4179.18
62422125     988491375     6404.37
11758100     971713580     3168.61
03128138     875319452     4090.60
81427075     924307051     3207.15
27773080     967755653     3630.50
80549084     884883370     6456.63
92235784     876390024     4439.31
34678483     916151575     9797.71
44100273     943020194     768.71
72100297     979737028     3395.71
58451986     914227609     925.73
89592224     917570280     502.52
89021007     878320910     5319.54
52241331     903552545     4928.81
56318463     915695710     1769.80
42421821     971462569     4982.13
80852723     918395014     145.28
75860456     981873261     7553.20
25848411     892823676     7243.08
02775203     964078273     1064.25
43685982     998469077     7583.99
63859899     986451778     6955.85
95641322     872863987     3627.00
28222007     880399985     6000.39
02823498     929714058     9853.29
69169238     946861718     4294.87
